# TDC UART 扫描数据
# 生成时间: 2026-03-24 13:28:47
# Index, Type, ID, Fine, Flag, Coarse, Raw_Hex
0,UP,0,3427,1,117,0x006B1C75
1,DOWN,0,3468,0,139,0x406C608B
2,UP,1,3408,1,117,0x016A8475
3,DOWN,1,3453,0,139,0x416BE88B
4,UP,2,3408,1,117,0x026A8475
5,DOWN,2,3453,0,139,0x426BE88B
6,UP,3,3393,1,117,0x036A0C75
7,DOWN,3,3436,0,139,0x436B608B
8,UP,4,3360,1,117,0x04690475
9,DOWN,4,3405,0,139,0x446A688B
10,UP,5,3360,1,117,0x05690475
11,DOWN,5,3405,0,139,0x456A688B
12,UP,6,3360,1,117,0x06690475
13,DOWN,6,3405,0,139,0x466A688B
14,UP,7,3344,1,117,0x07688475
15,DOWN,7,3387,0,139,0x4769D88B
16,UP,8,3322,1,117,0x0867D475
17,DOWN,8,3352,0,139,0x4868C08B
18,UP,9,3322,1,117,0x0967D475
19,DOWN,9,3352,0,139,0x4968C08B
20,UP,10,3308,1,117,0x0A676475
21,DOWN,10,3326,0,139,0x4A67F08B
22,UP,11,3281,1,117,0x0B668C75
23,DOWN,11,3308,0,139,0x4B67608B
24,UP,12,3266,1,117,0x0C661475
25,DOWN,12,3302,0,139,0x4C67308B
26,UP,13,3244,1,117,0x0D656475
27,DOWN,13,3266,0,139,0x4D66108B
28,UP,14,3219,1,117,0x0E649C75
29,DOWN,14,3248,0,139,0x4E65808B
30,UP,15,3219,1,117,0x0F649C75
31,DOWN,15,3224,0,139,0x4F64C08B
32,UP,16,3204,1,117,0x10642475
33,DOWN,16,3233,0,139,0x5065088B
34,UP,17,3189,1,117,0x1163AC75
35,DOWN,17,3213,0,139,0x5164688B
36,UP,18,3154,1,117,0x12629475
37,DOWN,18,3181,0,139,0x5263688B
38,UP,19,3154,1,117,0x13629475
39,DOWN,19,3181,0,139,0x5363688B
40,UP,20,3119,1,117,0x14617C75
41,DOWN,20,3152,0,139,0x5462808B
42,UP,21,3087,1,117,0x15607C75
43,DOWN,21,3118,0,139,0x5561708B
44,UP,22,3068,1,117,0x165FE475
45,DOWN,22,3118,0,139,0x5661708B
46,UP,23,3055,1,117,0x175F7C75
47,DOWN,23,3096,0,139,0x5760C08B
48,UP,24,3055,1,117,0x185F7C75
49,DOWN,24,3081,0,139,0x5860488B
50,UP,25,3016,1,117,0x195E4475
51,DOWN,25,3067,0,139,0x595FD88B
52,UP,26,3030,1,116,0x1A5EB474
53,DOWN,26,3047,0,139,0x5A5F388B
54,UP,27,2999,1,116,0x1B5DBC74
55,DOWN,27,3033,0,139,0x5B5EC88B
56,UP,28,2962,1,116,0x1C5C9474
57,DOWN,28,3007,0,138,0x5C5DF88A
58,UP,29,2940,1,116,0x1D5BE474
59,DOWN,29,2983,0,138,0x5D5D388A
60,UP,30,2940,1,116,0x1E5BE474
61,DOWN,30,2983,0,138,0x5E5D388A
62,UP,31,2912,1,116,0x1F5B0474
63,DOWN,31,2969,0,138,0x5F5CC88A
64,UP,32,2893,1,116,0x205A6C74
65,DOWN,32,2940,0,138,0x605BE08A
66,UP,33,2881,1,116,0x215A0C74
67,DOWN,33,2940,0,138,0x615BE08A
68,UP,34,2870,1,116,0x2259B474
69,DOWN,34,2916,0,138,0x625B208A
70,UP,35,2851,1,116,0x23591C74
71,DOWN,35,2884,0,138,0x635A208A
72,UP,36,2809,1,116,0x2457CC74
73,DOWN,36,2884,0,138,0x645A208A
74,UP,37,2843,1,116,0x2558DC74
75,DOWN,37,2884,0,138,0x655A208A
76,UP,38,2809,1,116,0x2657CC74
77,DOWN,38,2864,0,138,0x6659808A
78,UP,39,2809,1,116,0x2757CC74
79,DOWN,39,2845,0,138,0x6758E88A
80,UP,40,2775,1,116,0x2856BC74
81,DOWN,40,2830,0,138,0x6858708A
82,UP,41,2775,1,116,0x2956BC74
83,DOWN,41,2816,0,138,0x6958008A
84,UP,42,2745,1,116,0x2A55CC74
85,DOWN,42,2786,0,138,0x6A57108A
86,UP,43,2712,1,116,0x2B54C474
87,DOWN,43,2767,0,138,0x6B56788A
88,UP,44,2712,1,116,0x2C54C474
89,DOWN,44,2767,0,138,0x6C56788A
90,UP,45,2678,1,116,0x2D53B474
91,DOWN,45,2728,0,138,0x6D55408A
92,UP,46,2678,1,116,0x2E53B474
93,DOWN,46,2708,0,138,0x6E54A08A
94,UP,47,2660,1,116,0x2F532474
95,DOWN,47,2698,0,138,0x6F54508A
96,UP,48,2646,1,116,0x3052B474
97,DOWN,48,2683,0,138,0x7053D88A
98,UP,49,2633,1,116,0x31524C74
99,DOWN,49,2649,0,138,0x7152C88A
100,UP,50,2604,1,116,0x32516474
101,DOWN,50,2623,0,138,0x7251F88A
102,UP,51,2584,1,116,0x3350C474
103,DOWN,51,2623,0,138,0x7351F88A
104,UP,52,2571,1,116,0x34505C74
105,DOWN,52,2611,0,138,0x7451988A
106,UP,53,2558,1,116,0x354FF474
107,DOWN,53,2591,0,138,0x7550F88A
108,UP,54,2542,1,116,0x364F7474
109,DOWN,54,2571,0,138,0x7650588A
110,UP,55,2513,1,116,0x374E8C74
111,DOWN,55,2556,0,138,0x774FE08A
112,UP,56,2457,1,116,0x384CCC74
113,DOWN,56,2519,0,138,0x784EB88A
114,UP,57,2457,1,116,0x394CCC74
115,DOWN,57,2499,0,138,0x794E188A
116,UP,58,2457,1,116,0x3A4CCC74
117,DOWN,58,2499,0,138,0x7A4E188A
118,UP,59,2457,1,116,0x3B4CCC74
119,DOWN,59,2485,0,138,0x7B4DA88A
120,UP,60,2414,1,116,0x3C4B7474
121,DOWN,60,2473,0,138,0x7C4D488A
122,UP,61,2399,1,116,0x3D4AFC74
123,DOWN,61,2458,0,138,0x7D4CD08A
124,UP,62,2399,1,116,0x3E4AFC74
125,DOWN,62,2427,0,138,0x7E4BD88A
126,UP,63,2389,1,116,0x3F4AAC74
127,DOWN,63,2409,0,138,0x7F4B488A
128,UP,0,2347,1,116,0x00495C74
129,DOWN,0,2390,0,138,0x404AB08A
130,UP,1,2362,1,116,0x0149D474
131,DOWN,1,2390,0,138,0x414AB08A
132,UP,2,2347,1,116,0x02495C74
133,DOWN,2,2375,0,138,0x424A388A
134,UP,3,2328,1,116,0x0348C474
135,DOWN,3,2349,0,138,0x4349688A
136,UP,4,2304,1,116,0x04480474
137,DOWN,4,2333,0,138,0x4448E88A
138,UP,5,2289,1,116,0x05478C74
139,DOWN,5,2333,0,138,0x4548E88A
140,UP,6,2272,1,116,0x06470474
141,DOWN,6,2298,0,138,0x4647D08A
142,UP,7,2227,1,116,0x07459C74
143,DOWN,7,2284,0,138,0x4747608A
144,UP,8,2254,1,116,0x08467474
145,DOWN,8,2278,0,138,0x4847308A
146,UP,9,2227,1,116,0x09459C74
147,DOWN,9,2254,0,138,0x4946708A
148,UP,10,2205,1,116,0x0A44EC74
149,DOWN,10,2254,0,138,0x4A46708A
150,UP,11,2195,1,116,0x0B449C74
151,DOWN,11,2220,0,138,0x4B45608A
152,UP,12,2169,1,116,0x0C43CC74
153,DOWN,12,2220,0,138,0x4C45608A
154,UP,13,2156,1,116,0x0D436474
155,DOWN,13,2169,0,138,0x4D43C88A
156,UP,14,2122,1,116,0x0E425474
157,DOWN,14,2169,0,138,0x4E43C88A
158,UP,15,2122,1,116,0x0F425474
159,DOWN,15,2152,0,138,0x4F43408A
160,UP,16,2103,1,116,0x1041BC74
161,DOWN,16,2134,0,138,0x5042B08A
162,UP,17,2069,1,116,0x1140AC74
163,DOWN,17,2113,0,138,0x5142088A
164,UP,18,2069,1,116,0x1240AC74
165,DOWN,18,2098,0,138,0x5241908A
166,UP,19,2039,1,116,0x133FBC74
167,DOWN,19,2079,0,138,0x5340F88A
168,UP,20,2010,1,116,0x143ED474
169,DOWN,20,2059,0,138,0x5440588A
170,UP,21,1995,1,116,0x153E5C74
171,DOWN,21,2033,0,138,0x553F888A
172,UP,22,1995,1,116,0x163E5C74
173,DOWN,22,2033,0,138,0x563F888A
174,UP,23,1969,1,116,0x173D8C74
175,DOWN,23,2017,0,138,0x573F088A
176,UP,24,1953,1,116,0x183D0C74
177,DOWN,24,2001,0,138,0x583E888A
178,UP,25,1939,1,116,0x193C9C74
179,DOWN,25,1981,0,138,0x593DE88A
180,UP,26,1913,1,116,0x1A3BCC74
181,DOWN,26,1964,0,138,0x5A3D608A
182,UP,27,1898,1,116,0x1B3B5474
183,DOWN,27,1934,0,138,0x5B3C708A
184,UP,28,1867,1,116,0x1C3A5C74
185,DOWN,28,1917,0,138,0x5C3BE88A
186,UP,29,1883,1,116,0x1D3ADC74
187,DOWN,29,1934,0,138,0x5D3C708A
188,UP,30,1853,1,116,0x1E39EC74
189,DOWN,30,1901,0,138,0x5E3B688A
190,UP,31,1840,1,116,0x1F398474
191,DOWN,31,1870,0,138,0x5F3A708A
192,UP,32,1821,1,116,0x2038EC74
193,DOWN,32,1870,0,138,0x603A708A
194,UP,33,1821,1,116,0x2138EC74
195,DOWN,33,1855,0,138,0x6139F88A
196,UP,34,1802,1,116,0x22385474
197,DOWN,34,1834,0,138,0x6239508A
198,UP,35,1761,1,116,0x23370C74
199,DOWN,35,1808,0,138,0x6338808A
200,UP,36,1761,1,116,0x24370C74
201,DOWN,36,1825,0,138,0x6439088A
202,UP,37,1749,1,116,0x2536AC74
203,DOWN,37,1782,0,138,0x6537B08A
204,UP,38,1718,1,116,0x2635B474
205,DOWN,38,1764,0,138,0x6637208A
206,UP,39,1718,1,116,0x2735B474
207,DOWN,39,1755,0,138,0x6736D88A
208,UP,40,1699,1,116,0x28351C74
209,DOWN,40,1740,0,138,0x6836608A
210,UP,41,1679,1,116,0x29347C74
211,DOWN,41,1703,0,138,0x6935388A
212,UP,42,1637,1,116,0x2A332C74
213,DOWN,42,1680,0,138,0x6A34808A
214,UP,43,1637,1,116,0x2B332C74
215,DOWN,43,1688,0,138,0x6B34C08A
216,UP,44,1609,1,116,0x2C324C74
217,DOWN,44,1669,0,138,0x6C34288A
218,UP,45,1593,1,116,0x2D31CC74
219,DOWN,45,1651,0,138,0x6D33988A
220,UP,46,1593,1,116,0x2E31CC74
221,DOWN,46,1605,0,138,0x6E32288A
222,UP,47,1569,1,116,0x2F310C74
223,DOWN,47,1605,0,138,0x6F32288A
224,UP,48,1537,1,116,0x30300C74
225,DOWN,48,1605,0,138,0x7032288A
226,UP,49,1516,1,116,0x312F6474
227,DOWN,49,1556,0,138,0x7130A08A
228,UP,50,1516,1,116,0x322F6474
229,DOWN,50,1556,0,138,0x7230A08A
230,UP,51,1490,1,116,0x332E9474
231,DOWN,51,1535,0,138,0x732FF88A
232,UP,52,1446,1,116,0x342D3474
233,DOWN,52,1498,0,138,0x742ED08A
234,UP,53,1446,1,116,0x352D3474
235,DOWN,53,1475,0,138,0x752E188A
236,UP,54,1420,1,116,0x362C6474
237,DOWN,54,1475,0,138,0x762E188A
238,UP,55,1406,1,116,0x372BF474
239,DOWN,55,1437,0,138,0x772CE88A
240,UP,56,1393,1,116,0x382B8C74
241,DOWN,56,1437,0,138,0x782CE88A
242,UP,57,1375,1,116,0x392AFC74
243,DOWN,57,1409,0,138,0x792C088A
244,UP,58,1359,1,116,0x3A2A7C74
245,DOWN,58,1386,0,138,0x7A2B508A
246,UP,59,1349,1,116,0x3B2A2C74
247,DOWN,59,1370,0,138,0x7B2AD08A
248,UP,60,1339,1,116,0x3C29DC74
249,DOWN,60,1370,0,138,0x7C2AD08A
250,UP,61,1323,1,116,0x3D295C74
251,DOWN,61,1352,0,138,0x7D2A408A
252,UP,62,1296,1,116,0x3E288474
253,DOWN,62,1325,0,138,0x7E29688A
254,UP,63,1261,1,116,0x3F276C74
255,DOWN,63,1303,0,138,0x7F28B88A
256,UP,0,1261,1,116,0x00276C74
257,DOWN,0,1303,0,138,0x4028B88A
258,UP,1,1239,1,116,0x0126BC74
259,DOWN,1,1288,0,138,0x4128408A
260,UP,2,1239,1,116,0x0226BC74
261,DOWN,2,1261,0,138,0x4227688A
262,UP,3,1224,1,116,0x03264474
263,DOWN,3,1257,0,138,0x4327488A
264,UP,4,1206,1,116,0x0425B474
265,DOWN,4,1234,0,138,0x4426908A
266,UP,5,1178,1,116,0x0524D474
267,DOWN,5,1213,0,138,0x4525E88A
268,UP,6,1159,1,116,0x06243C74
269,DOWN,6,1184,0,138,0x4625008A
270,UP,7,1149,1,116,0x0723EC74
271,DOWN,7,1184,0,138,0x4725008A
272,UP,8,1125,1,116,0x08232C74
273,DOWN,8,1165,0,138,0x4824688A
274,UP,9,1113,1,116,0x0922CC74
275,DOWN,9,1151,0,138,0x4923F88A
276,UP,10,1094,1,116,0x0A223474
277,DOWN,10,1124,0,138,0x4A23208A
278,UP,11,1094,1,116,0x0B223474
279,DOWN,11,1124,0,138,0x4B23208A
280,UP,12,1039,1,116,0x0C207C74
281,DOWN,12,1084,0,138,0x4C21E08A
282,UP,13,1024,1,116,0x0D200474
283,DOWN,13,1058,0,138,0x4D21108A
284,UP,14,1024,1,116,0x0E200474
285,DOWN,14,1058,0,138,0x4E21108A
286,UP,15,1015,1,116,0x0F1FBC74
287,DOWN,15,1047,0,138,0x4F20B88A
288,UP,16,984,1,116,0x101EC474
289,DOWN,16,1011,0,138,0x501F988A
290,UP,17,972,1,116,0x111E6474
291,DOWN,17,1011,0,138,0x511F988A
292,UP,18,957,1,116,0x121DEC74
293,DOWN,18,990,0,138,0x521EF08A
294,UP,19,921,1,116,0x131CCC74
295,DOWN,19,959,0,138,0x531DF88A
296,UP,20,903,1,116,0x141C3C74
297,DOWN,20,943,0,138,0x541D788A
298,UP,21,903,1,116,0x151C3C74
299,DOWN,21,943,0,138,0x551D788A
300,UP,22,887,1,116,0x161BBC74
301,DOWN,22,913,0,138,0x561C888A
302,UP,23,856,1,116,0x171AC474
303,DOWN,23,921,0,138,0x571CC88A
304,UP,24,856,1,116,0x181AC474
305,DOWN,24,897,0,138,0x581C088A
306,UP,25,840,1,116,0x191A4474
307,DOWN,25,897,0,138,0x591C088A
308,UP,26,820,1,116,0x1A19A474
309,DOWN,26,864,0,138,0x5A1B008A
310,UP,27,792,1,116,0x1B18C474
311,DOWN,27,840,0,138,0x5B1A408A
312,UP,28,806,1,116,0x1C193474
313,DOWN,28,840,0,138,0x5C1A408A
314,UP,29,770,1,116,0x1D181474
315,DOWN,29,822,0,138,0x5D19B08A
316,UP,30,770,1,116,0x1E181474
317,DOWN,30,786,0,138,0x5E18908A
318,UP,31,754,1,116,0x1F179474
319,DOWN,31,786,0,138,0x5F18908A
320,UP,32,722,1,116,0x20169474
321,DOWN,32,771,0,138,0x6018188A
322,UP,33,722,1,116,0x21169474
323,DOWN,33,735,0,138,0x6116F88A
324,UP,34,652,1,116,0x22146474
325,DOWN,34,683,0,138,0x6215588A
326,UP,35,675,1,116,0x23151C74
327,DOWN,35,723,0,138,0x6316988A
328,UP,36,638,1,116,0x2413F474
329,DOWN,36,683,0,138,0x6415588A
330,UP,37,622,1,116,0x25137474
331,DOWN,37,659,0,138,0x6514988A
332,UP,38,602,1,116,0x2612D474
333,DOWN,38,641,0,138,0x6614088A
334,UP,39,602,1,116,0x2712D474
335,DOWN,39,641,0,138,0x6714088A
336,UP,40,542,1,116,0x2810F474
337,DOWN,40,591,0,138,0x6812788A
338,UP,41,507,1,116,0x290FDC74
339,DOWN,41,570,0,138,0x6911D08A
340,UP,42,529,1,116,0x2A108C74
341,DOWN,42,591,0,138,0x6A12788A
342,UP,43,522,1,116,0x2B105474
343,DOWN,43,546,0,138,0x6B11108A
344,UP,44,481,1,116,0x2C0F0C74
345,DOWN,44,535,0,138,0x6C10B88A
346,UP,45,481,1,116,0x2D0F0C74
347,DOWN,45,506,0,138,0x6D0FD08A
348,UP,46,453,1,116,0x2E0E2C74
349,DOWN,46,495,0,138,0x6E0F788A
350,UP,47,438,1,116,0x2F0DB474
351,DOWN,47,463,0,138,0x6F0E788A
352,UP,48,404,1,116,0x300CA474
353,DOWN,48,463,0,138,0x700E788A
354,UP,49,438,1,116,0x310DB474
355,DOWN,49,463,0,138,0x710E788A
356,UP,50,404,1,116,0x320CA474
357,DOWN,50,446,0,138,0x720DF08A
358,UP,51,404,1,116,0x330CA474
359,DOWN,51,397,0,138,0x730C688A
360,UP,52,374,1,116,0x340BB474
361,DOWN,52,397,0,138,0x740C688A
362,UP,53,357,1,116,0x350B2C74
363,DOWN,53,385,0,138,0x750C088A
364,UP,54,324,1,116,0x360A2474
365,DOWN,54,360,0,138,0x760B408A
366,UP,55,309,1,116,0x3709AC74
367,DOWN,55,342,0,138,0x770AB08A
368,UP,56,324,1,116,0x380A2474
369,DOWN,56,342,0,138,0x780AB08A
370,UP,57,296,1,116,0x39094474
371,DOWN,57,329,0,138,0x790A488A
372,UP,58,263,1,116,0x3A083C74
373,DOWN,58,300,0,138,0x7A09608A
374,UP,59,248,1,116,0x3B07C474
375,DOWN,59,272,0,138,0x7B08808A
376,UP,60,237,1,116,0x3C076C74
377,DOWN,60,272,0,138,0x7C08808A
378,UP,61,209,1,116,0x3D068C74
379,DOWN,61,240,0,138,0x7D07808A
380,UP,62,185,1,116,0x3E05CC74
381,DOWN,62,222,0,138,0x7E06F08A
382,UP,63,194,1,116,0x3F061474
383,DOWN,63,222,0,138,0x7F06F08A
384,UP,0,175,1,116,0x00057C74
385,DOWN,0,202,0,138,0x4006508A
386,UP,1,134,1,116,0x01043474
387,DOWN,1,183,0,138,0x4105B88A
388,UP,2,143,1,116,0x02047C74
389,DOWN,2,156,0,138,0x4204E08A
390,UP,3,121,1,116,0x0303CC74
391,DOWN,3,152,0,138,0x4304C08A
392,UP,4,103,1,116,0x04033C74
393,DOWN,4,127,0,138,0x4403F88A
394,UP,5,67,1,116,0x05021C74
395,DOWN,5,108,0,138,0x4503608A
396,UP,6,67,1,116,0x06021C74
397,DOWN,6,108,0,138,0x4603608A
398,UP,7,48,1,116,0x07018474
399,DOWN,7,93,0,138,0x4702E88A
400,UP,8,33,1,116,0x08010C74
401,DOWN,8,57,0,138,0x4801C88A
402,UP,9,6,1,116,0x09003474
403,DOWN,9,42,0,138,0x4901508A
404,UP,10,3837,1,117,0x0A77EC75
405,DOWN,10,42,0,138,0x4A01508A
406,UP,11,3811,1,117,0x0B771C75
407,DOWN,11,17,0,138,0x4B00888A
408,UP,12,3811,1,117,0x0C771C75
409,DOWN,12,3840,0,139,0x4C78008B
410,UP,13,3792,1,117,0x0D768475
411,DOWN,13,3828,0,139,0x4D77A08B
412,UP,14,3775,1,117,0x0E75FC75
413,DOWN,14,3811,0,139,0x4E77188B
414,UP,15,3775,1,117,0x0F75FC75
415,DOWN,15,3795,0,139,0x4F76988B
416,UP,16,3739,1,117,0x1074DC75
417,DOWN,16,3781,0,139,0x5076288B
418,UP,17,3721,1,117,0x11744C75
419,DOWN,17,3766,0,139,0x5175B08B
420,UP,18,3699,1,117,0x12739C75
421,DOWN,18,3731,0,139,0x5274988B
422,UP,19,3663,1,117,0x13727C75
423,DOWN,19,3731,0,139,0x5374988B
424,UP,20,3685,1,117,0x14732C75
425,DOWN,20,3731,0,139,0x5474988B
426,UP,21,3647,1,117,0x1571FC75
427,DOWN,21,3692,0,139,0x5573608B
428,UP,22,3616,1,117,0x16710475
429,DOWN,22,3672,0,139,0x5672C08B
430,UP,23,3616,1,117,0x17710475
431,DOWN,23,3650,0,139,0x5772108B
432,UP,24,3585,1,117,0x18700C75
433,DOWN,24,3635,0,139,0x5871988B
434,UP,25,3569,1,117,0x196F8C75
435,DOWN,25,3597,0,139,0x5970688B
436,UP,26,3540,1,117,0x1A6EA475
437,DOWN,26,3577,0,139,0x5A6FC88B
438,UP,27,3540,1,117,0x1B6EA475
439,DOWN,27,3583,0,139,0x5B6FF88B
440,UP,28,3516,1,117,0x1C6DE475
441,DOWN,28,3551,0,139,0x5C6EF88B
442,UP,29,3504,1,117,0x1D6D8475
443,DOWN,29,3534,0,139,0x5D6E708B
444,UP,30,3491,1,117,0x1E6D1C75
445,DOWN,30,3534,0,139,0x5E6E708B
446,UP,31,3461,1,117,0x1F6C2C75
447,DOWN,31,3498,0,139,0x5F6D508B
448,UP,32,3427,1,117,0x206B1C75
449,DOWN,32,3453,0,139,0x606BE88B
